984503
984502
984501
984500
984499
984498
984497
984496
984495
984494
984493
984492
984491
984490
984489
984488
984487
984486
984485
984484
984475
984474
984473
984472
984471
984470
984469
984468
984467
984466
984465
984464
984463
984462
984461
984460
984458
984457
984456
984455
984454
984453
984452
984450
984449
984445
984444
984443
984442
984441
984440
984439
984438
984437
984436
984435
983721
983720
983718
983717
983715
983714
983713
983712
983711
983710
983709
983708
983707
983706
983705
983704
983702
983700
983699
983698
983697
983695
983694
983692
983691
983690
983689
983688
983687
983686
983685
983684
983683
983682
983455
983447
983445
983444
983443
983442
983441
983434
983431
983430
983424
983366
983364
983362
983361
983352
983351
983350
983347
983345
983342
983065
983063
983062
982649
982648
982647
982643
982642
982641
982640
982639
982638
982635
982634
982631
982627
982626
982625
982624
982623
982612
982611
982352
982351
982350
982323
982321
982303
982300
982294
982292
982290
981432
981430
981429
981427
981426
981425
981414
981408
981407
981406
981402
981400
981399
981398
981397
981396
981395
981394
981393
981392
981391
981390
981389
981388
981386
981385
981384
981383
981382
981381
980713
980708
980707
980669
980668
980655
980648
980647
980629
980628
978855
978852
978847
978845
978844
978843
978842
978841
978838
978837
978833
978831
978828
978826
978824
978822
978821
978813
978812
978811
978810
978809
978803
978801
978800
978798
978797
978796
978795
978786
978783
978782
978781
978778
978777
978371
978370
978369
978366
978365
978359
978358
978357
978043
978042
977835
977834
977833
977832
977830
977829
977825
977823
977821
977819
977818
977816
977815
977814
977813
977812
977811
977810
977809
977808
977806
977804
977803
977802
977801
977090
977089
977088
977086
977079
977074
977072
977071
977067
976840
976838
976786
976785
976784
976783
976781
976780
976779
976778
976777
976776
976774
976773
976772
976771
976770
976768
976767
976764
976525
976523
976520
976518
976517
976516
976515
976514
976513
976410
976407
976405
976398
976385
967052
967035
967034
966893
966849
966820
966818
966817
966815
966814
966813
966811
966810
965343
965342
965340
965338
965336
965334
965333
965331
965330
965328
965301
965300
965299
965296
965294
965292
965291
965290
965289
965288
965287
965286
965285
964676
964436
964417
964187
962695
961061
961060
961059
961056
961055
961054
961052
961050
961043
961042
961041
961039
959819
959815
959810
959809
959807
959806
958240
957351
957348
953145
953085
953083
952707
939087
939024
928209
917983
917963
915383
913379
913366
913364
913360
913355
913309
913304
913300
913295
913282
913270
913266
913265
913264
913263
913262
908203
908194
908187
908181
908165
908158
908157
908155
908152
908149
908146
908137
908128
908124
908112
908106
908105
908103
908100
908099
908097
908096
908095
908093
907629
906718
906717
906716
906715
906713
906712
906709
906707
906706
906705
904286
904281
904278
904275
904269
899866
899864
899863
899860
899859
899858
899856
899854
899852
899849
898202
898200
898197
898192
898190
898188
898185